0.3
18 4
8 12 14 17
0 6
1 1
3 1
4 4
6 4
8 5
14 4
1 14
0 1
2 5
5 4
6 3
7 4
8 4
9 3
10 2
11 4
12 5
13 4
15 9
16 5
17 4
2 9
1 5
3 5
4 2
6 6
7 5
8 3
9 4
10 5
16 7
3 10
0 1
2 5
5 3
7 3
10 4
11 2
12 3
13 2
15 8
17 2
4 6
0 4
2 2
5 4
6 5
7 3
11 1
5 7
1 4
3 3
4 4
6 1
9 3
11 4
14 1
6 11
0 4
1 3
2 6
4 5
5 1
7 5
9 2
11 5
12 6
13 2
17 3
7 11
1 4
2 5
3 3
4 3
6 5
9 3
10 2
13 3
14 3
15 10
16 2
8 9
0 5
1 4
2 3
9 4
12 6
13 5
14 2
15 9
16 6
9 9
1 3
2 4
5 3
6 2
7 3
8 4
10 1
13 4
16 3
10 8
1 2
2 5
3 4
7 2
9 1
12 4
13 5
14 1
11 6
1 4
3 2
4 1
5 4
6 5
16 6
12 7
1 5
3 3
6 6
8 6
10 4
14 4
16 3
13 8
1 4
3 2
6 2
7 3
8 5
9 4
10 5
16 5
14 8
0 4
5 1
7 3
8 2
10 1
12 4
16 4
17 5
15 5
1 9
3 8
7 10
8 9
17 8
16 9
1 5
2 7
7 2
8 6
9 3
11 6
12 3
13 5
14 4
17 5
1 4
3 2
6 3
14 5
15 8
