1.0
15 6
2 4 6 8 12 14
0 1
1 10
1 13
0 10
2 3
3 4
4 1
5 2
7 2
8 3
9 2
10 3
11 1
12 2
13 3
14 3
2 8
1 3
3 4
4 4
5 3
6 2
8 2
10 4
11 2
3 7
1 4
2 4
4 3
5 4
7 4
12 3
14 1
4 10
1 1
2 4
3 3
5 3
6 3
7 3
8 3
9 1
10 4
13 3
5 11
1 2
2 3
3 4
4 3
8 1
9 4
10 1
11 3
12 3
13 3
14 3
6 6
2 2
4 3
9 4
11 1
12 1
14 1
7 7
1 2
3 4
4 3
10 1
11 1
13 2
14 3
8 6
1 3
2 2
4 3
5 1
9 4
11 4
9 8
1 2
4 1
5 4
6 4
8 4
10 5
12 4
13 2
10 7
1 3
2 4
4 4
5 1
7 1
9 5
12 2
11 8
1 1
2 2
5 3
6 1
7 1
8 4
13 2
14 2
12 7
1 2
3 3
5 3
6 1
9 4
10 2
14 2
13 7
1 3
4 3
5 3
7 2
9 2
11 2
14 4
14 8
1 3
3 1
5 3
6 1
7 3
11 2
12 2
13 4
