0.3
40 20
3 5 11 12 13 16 17 18 20 21 22 24 26 27 28 29 34 35 36 39
0 4
1 7
2 8
3 3
11 4
1 9
0 7
4 4
9 1
12 4
13 6
15 2
16 5
32 8
37 3
2 9
0 8
6 5
8 8
15 2
16 1
18 5
29 7
32 5
36 4
3 13
0 3
4 5
8 3
10 2
12 1
18 4
20 6
24 7
25 5
29 1
32 8
33 4
38 7
4 12
1 4
3 5
5 7
7 1
12 4
16 6
17 7
18 5
19 8
34 8
35 3
36 2
5 9
4 7
10 2
15 5
19 3
20 6
22 5
23 4
30 4
37 5
6 6
2 5
17 3
20 3
24 6
33 4
38 1
7 5
4 1
9 4
12 4
33 1
35 2
8 9
2 8
3 3
11 4
17 6
21 6
26 10
29 4
30 6
35 8
9 13
1 1
7 4
10 3
12 3
15 3
17 4
18 4
19 5
25 4
29 4
33 3
36 1
37 4
10 9
3 2
5 2
9 3
13 6
16 5
17 6
20 6
21 4
31 5
11 10
0 4
8 4
13 4
14 6
17 5
18 4
19 5
21 2
24 3
36 1
12 11
1 4
3 1
4 4
7 4
9 3
14 5
18 3
21 3
25 4
36 2
39 6
13 10
1 6
10 6
11 4
15 8
22 3
23 1
24 2
26 5
37 7
39 1
14 10
11 6
12 5
17 4
18 2
19 6
20 2
23 3
27 3
32 9
39 4
15 7
1 2
2 2
5 5
9 3
13 8
26 7
30 3
16 6
1 5
2 1
4 6
10 5
28 1
39 5
17 13
4 7
6 3
8 6
9 4
10 6
11 5
14 4
21 5
24 8
25 2
28 5
31 1
32 6
18 11
2 5
3 4
4 5
9 4
11 4
12 3
14 2
27 1
30 1
36 3
37 6
19 14
4 8
5 3
9 5
11 5
14 6
20 7
22 4
23 3
27 5
33 8
34 2
37 4
38 4
39 2
20 8
3 6
5 6
6 3
10 6
14 2
19 7
30 2
34 5
21 11
8 6
10 4
11 2
12 3
17 5
22 4
24 5
29 2
30 4
33 1
36 1
22 10
5 5
13 3
19 4
21 4
25 6
29 3
31 5
34 6
35 5
39 2
23 5
5 4
13 1
14 3
19 3
25 6
24 8
3 7
6 6
11 3
13 2
17 8
21 5
28 9
37 6
25 9
3 5
9 4
12 4
17 2
22 6
23 6
31 3
34 1
35 8
26 11
8 10
13 5
15 7
29 7
30 4
31 7
33 4
36 6
37 3
38 2
39 6
27 5
14 3
18 1
19 5
30 1
36 2
28 6
16 1
17 5
24 9
30 6
32 7
38 2
29 8
2 7
3 1
8 4
9 4
21 2
22 3
26 7
31 2
30 11
5 4
8 6
15 3
18 1
20 2
21 4
26 4
27 1
28 6
33 5
34 3
31 9
10 5
17 1
22 5
25 3
26 7
29 2
32 5
33 5
37 8
32 7
1 8
2 5
3 8
14 9
17 6
28 7
31 5
33 10
3 4
6 4
7 1
9 3
19 8
21 1
26 4
30 5
31 5
36 2
34 6
4 8
19 2
20 5
22 6
25 1
30 3
35 6
4 3
7 2
8 8
22 5
25 8
38 7
36 10
2 4
4 2
9 1
11 1
12 2
18 3
21 1
26 6
27 2
33 2
37 9
1 3
5 5
9 4
13 7
18 6
19 4
24 6
26 3
31 8
38 6
3 7
6 1
19 4
26 2
28 2
35 7
39 7
12 6
13 1
14 4
16 5
19 2
22 2
26 6
