1.0
40 18
1 3 4 6 14 17 18 23 24 25 26 28 29 30 33 34 38 39
0 2
1 7
4 7
1 12
0 7
2 3
5 1
6 4
14 3
18 1
22 1
25 1
28 2
33 4
37 2
39 3
2 18
1 3
3 3
5 2
7 4
9 3
18 3
19 5
20 1
21 3
22 4
24 2
25 4
26 1
28 3
31 4
35 5
38 4
39 2
3 16
2 3
5 3
10 3
11 4
12 2
15 5
18 1
19 3
22 3
26 4
27 6
28 4
29 5
30 3
33 2
39 4
4 16
0 7
5 3
7 1
8 4
12 3
16 2
18 4
19 6
23 5
24 2
26 4
31 3
34 5
35 4
37 4
39 3
5 20
1 1
2 2
3 3
4 3
7 4
9 1
11 4
12 2
13 3
14 3
15 3
17 4
24 1
25 2
26 2
28 1
29 4
30 3
37 1
39 4
6 17
1 4
9 2
11 1
13 3
14 2
15 1
16 4
19 3
20 1
23 2
26 3
29 1
30 1
31 4
35 3
36 2
37 3
7 14
2 4
4 1
5 4
10 4
11 5
14 5
15 5
17 1
20 3
22 3
30 4
32 4
36 5
37 4
8 16
4 4
10 3
11 3
12 3
14 3
17 2
18 2
23 4
24 4
25 2
29 4
31 1
32 3
33 1
36 3
39 3
9 14
2 3
5 1
6 2
12 2
14 3
15 3
18 1
21 3
22 1
24 2
26 3
28 2
32 3
34 2
10 14
3 3
7 4
8 3
14 1
15 4
21 5
22 3
23 1
24 2
25 1
30 3
32 2
36 3
39 1
11 16
3 4
5 4
6 1
7 5
8 3
12 3
15 2
17 5
19 4
27 3
28 5
30 2
31 4
33 2
34 3
39 3
12 18
3 2
4 3
5 2
8 3
9 2
11 3
13 3
15 3
17 2
18 1
19 3
21 4
28 3
30 1
35 2
37 1
38 1
39 2
13 12
5 3
6 3
12 3
14 1
21 3
24 2
26 2
28 4
31 3
32 2
33 1
36 1
14 17
1 3
5 3
6 2
7 5
8 3
9 3
10 1
13 1
19 4
20 3
24 2
27 5
29 3
33 2
34 3
35 5
37 3
15 15
3 5
5 3
6 1
7 5
9 3
10 4
11 2
12 3
19 4
21 4
22 2
23 3
26 4
33 4
36 2
16 10
4 2
6 4
17 4
19 4
22 1
31 4
32 3
35 2
37 4
38 4
17 16
5 4
7 1
8 2
11 5
12 2
16 4
19 4
20 4
21 4
26 6
29 5
30 3
31 1
33 3
34 3
38 3
18 19
1 1
2 3
3 1
4 4
8 2
9 1
12 1
19 2
20 4
21 4
23 3
25 1
28 3
31 1
32 2
34 1
36 2
37 2
38 2
19 21
2 5
3 3
4 6
6 3
11 4
12 3
14 4
15 4
16 4
17 4
18 2
20 4
26 5
28 2
30 2
31 3
33 3
34 1
35 2
38 4
39 4
20 16
2 1
6 1
7 3
14 3
17 4
18 4
19 4
21 2
22 4
25 4
27 5
30 2
33 3
36 3
38 4
39 3
21 16
2 3
9 3
10 5
12 4
13 3
15 4
17 4
18 4
20 2
23 4
24 3
25 5
27 6
28 4
29 4
38 4
22 16
1 1
2 4
3 3
7 3
9 1
10 3
15 2
16 1
20 4
24 3
26 4
29 3
30 4
31 3
35 3
36 4
23 11
4 5
6 2
8 4
10 1
15 3
18 3
21 4
25 2
29 1
34 3
36 2
24 17
2 2
4 2
5 1
8 4
9 2
10 2
13 2
14 2
21 3
22 3
26 2
27 3
28 2
29 4
32 1
34 3
35 3
25 16
1 1
2 4
5 2
8 2
10 1
18 1
20 4
21 5
23 2
28 3
30 2
31 1
32 1
34 1
36 2
38 3
26 14
2 1
3 4
4 4
5 2
6 3
9 3
13 2
15 4
17 6
19 5
22 4
24 2
35 5
37 3
27 12
3 6
11 3
14 5
20 5
21 6
24 3
28 5
29 4
36 6
37 5
38 3
39 5
28 17
1 2
2 3
3 4
5 1
9 2
11 5
12 3
13 4
18 3
19 2
21 4
24 2
25 3
27 5
29 5
34 3
36 4
29 15
3 5
5 4
6 1
8 4
14 3
17 5
21 4
22 3
23 1
24 4
27 4
28 5
30 2
31 4
35 3
30 17
3 3
5 3
6 1
7 4
10 3
11 2
12 1
17 3
19 2
20 2
22 4
25 2
29 2
33 3
34 1
35 3
36 1
31 15
2 4
4 3
6 4
8 1
11 4
13 3
16 4
17 1
18 1
19 3
22 3
25 1
29 4
34 2
37 3
32 10
7 4
8 3
9 3
10 2
13 2
16 3
18 2
24 1
25 1
38 4
33 12
1 4
3 2
8 1
11 2
13 1
14 2
15 4
17 3
19 3
20 3
30 3
37 3
34 15
4 5
9 2
11 3
14 3
17 3
18 1
19 1
23 3
24 3
25 1
28 3
30 1
31 2
36 1
39 3
35 13
2 5
4 4
6 3
12 2
14 5
16 2
19 2
22 3
24 3
26 5
29 3
30 3
39 4
36 17
6 2
7 5
8 3
10 3
13 1
15 2
18 2
20 3
22 4
23 2
25 2
27 6
28 4
30 1
34 1
37 3
39 4
37 16
1 2
4 4
5 1
6 3
7 4
12 1
14 3
16 4
18 2
26 3
27 5
31 3
33 3
36 3
38 2
39 3
38 13
2 4
12 1
16 4
17 3
18 2
19 4
20 4
21 4
25 3
27 3
32 4
37 2
39 3
39 17
1 3
2 2
3 4
4 3
5 4
8 3
10 1
11 3
12 2
19 4
20 3
27 5
34 3
35 4
36 4
37 3
38 3
